0
170918394
203157684
1963571095
36150931
36724576
1626965413
68450303
211993232
19218763
1852934263
50756605
27529312
104012081
55117397
531284542
94682674
82836356
170918394
26500119
217489621
1921095758
1120121720
29479859
63796828
1842890802
1613005327
121877973
45076345
248664300
112763338
1854904712
1112641746
521338162
471243860
1464264061
364765726
1040058984
1934392862
1063621920
504909359
170918394
39346451
1467922544
167456163
105891984
56195787
55661808
216766313
75253397
701267743
7130402
1157992364
37950548
103740149
342783957
8984102
38947266
36287950
14599976
180576787
161313612
18006534
